1
rxd_Levels.packed.webp
34 34
20
362 2 38 38 0 0 0 frame0
362 42 38 38 0 0 0 frame1
322 2 38 38 0 0 0 frame2
32242 38 38 0 0 0 frame3
282 2 38 38 0 0 0 frame4
282 42 38 38 0 0 0 frame5
242 2 38 38 0 0 0 frame6
242 42 38 38 0 0 0 frame7
202 2 38 38 0 0 0 frame8
202 24 38 38 0 0 0 frame9
162 2 38 38 0 0 0 frame10
162 42 38 38 0 0 0 frame11
122 2 38 38 0 0 0 frame12
122 42 38 38 0 0 0 frame13
82 2 38 38 0 0 0 frame14
82 42 38 38 0 0 0 frame15
42 2 38 38 0 0 0 frame16
42 42 38 38 0 0 0 frame17
2 2 38 38 0 0 0 frame18
2 42 38 38 0 0 0 frame19
