1
rxd_Levels.packed.webp
17 17
20
181 1 19 19 0 0 0 frame0
181 21 19 19 0 0 0 frame1
161 1 19 19 0 0 0 frame2
161 21 19 19 0 0 0 frame3
141 1 19 19 0 0 0 frame4
141 21 19 19 0 0 0 frame5
121 1 19 19 0 0 0 frame6
121 21 19 19 0 0 0 frame7
101 1 19 19 0 0 0 frame8
101 12 19 19 0 0 0 frame9
81 1 19 19 0 0 0 frame10
81 21 19 19 0 0 0 frame11
61 1 19 19 0 0 0 frame12
61 21 19 19 0 0 0 frame13
41 1 19 19 0 0 0 frame14
41 21 19 19 0 0 0 frame15
21 1 19 19 0 0 0 frame16
21 21 19 19 0 0 0 frame17
1 1 19 19 0 0 0 frame18
1 21 19 19 0 0 0 frame19
